unsorted/2nd_wkProject_animove/random_stuff/bathymetry plotting/geodas_wc_bath-9981/wc_bath-9981/wc_bath-9981.asc
NCOLS   196
NROWS   271
XLLCENTER -130.0000000000
YLLCENTER  32.0000000000
CELLSIZE 0.066666666667
NODATA_VALUE   -32768
[rows 185 to 221 of 271, columns 0 to 81 of 196]
-4774 -4818 -4773 -4714 -4711 -4764 -4800 -4862 -4889 -4828 -4735 -4725 -4765 -4792 -4801 -4825 -4833 -4747 -4700 -4696 -4747 -4772 -4754 -4729 -4695 -4702 -4726 -4722 -4736 -4731 -4717 -4715 -4721 -4721 -4712 -4708 -4695 -4684 -4686 -4682 -4642 -4622 -4537 -4544 -4533 -4529 -4525 -4524 -4516 -4514 -4523 -4495 -4470 -4451 -4435 -4422 -4405 -4394 -4388 -4369 -4358 -4357 -4355 -4333 -4310 -4301 -4287 -4268 -4251 -4229 -4222 -4213 -4192 -4181 -4168 -4140 -4111 -4098 -4076 -4039 -4009 -3986
-4841 -4864 -4788 -4716 -4687 -4702 -4767 -4820 -4813 -4756 -4761 -4729 -4666 -4758 -4842 -4835 -4841 -4754 -4743 -4806 -4848 -4844 -4770 -4791 -4786 -4695 -4720 -4740 -4745 -4707 -4687 -4610 -4660 -4727 -4647 -4627 -4685 -4669 -4663 -4675 -4661 -4634 -4598 -4554 -4561 -4549 -4524 -4507 -4560 -4585 -4527 -4506 -4531 -4479 -4446 -4421 -4392 -4408 -4430 -4387 -4373 -4369 -4357 -4339 -4321 -4313 -4282 -4269 -4268 -4252 -4235 -4224 -4209 -4204 -4177 -4151 -4135 -4115 -4089 -4067 -4064 -4027
-4823 -4863 -4756 -4763 -4722 -4765 -4767 -4749 -4785 -4728 -4805 -4788 -4695 -4741 -4736 -4783 -4753 -4748 -4802 -4804 -4780 -4768 -4736 -4764 -4763 -4722 -4706 -4719 -4751 -4724 -4728 -4705 -4704 -4718 -4700 -4692 -4700 -4676 -4636 -4629 -4656 -4648 -4640 -4593 -4598 -4566 -4542 -4529 -4538 -4541 -4519 -4509 -4505 -4490 -4470 -4446 -4325 -4398 -4409 -4393 -4388 -4375 -4364 -4365 -4351 -4370 -4309 -4290 -4273 -4264 -4260 -4238 -4253 -4218 -4204 -4192 -4171 -4148 -4131 -4105 -4090 -4097
-4789 -4790 -4762 -4720 -4766 -4819 -4765 -4777 -4856 -4787 -4836 -4905 -4864 -4805 -4767 -4805 -4778 -4753 -4774 -4754 -4706 -4723 -4702 -4759 -4738 -4723 -4690 -4705 -4753 -4744 -4731 -4765 -4749 -4731 -4686 -4565 -4561 -4633 -4667 -4694 -4695 -4674 -4639 -4566 -4577 -4608 -4569 -4557 -4546 -4538 -4519 -4514 -4493 -4491 -4477 -4449 -4351 -4313 -4419 -4414 -4403 -4399 -4393 -4295 -4376 -4357 -4320 -4310 -4303 -4296 -4321 -4276 -4246 -4237 -4209 -4229 -4194 -4157 -4143 -4120 -4153 -4156
-4744 -4738 -4721 -4672 -4702 -4750 -4751 -4818 -4849 -4809 -4779 -4818 -4870 -4819 -4797 -4777 -4793 -4816 -4804 -4804 -4781 -4763 -4770 -4731 -4753 -4820 -4821 -4792 -4808 -4755 -4747 -4784 -4755 -4731 -4674 -4521 -4543 -4669 -4685 -4678 -4680 -4661 -4635 -4606 -4604 -4612 -4607 -4568 -4546 -4540 -4552 -4533 -4500 -4501 -4479 -4460 -4465 -4455 -4441 -4436 -4431 -4395 -4355 -4343 -4375 -4361 -4330 -4320 -4310 -4302 -4316 -4294 -4259 -4234 -4231 -4267 -4231 -4173 -4161 -4140 -4122 -4088
-4906 -4811 -4699 -4699 -4774 -4821 -4828 -4806 -4769 -4880 -4852 -4762 -4794 -4830 -4813 -4775 -4779 -4785 -4776 -4804 -4808 -4792 -4752 -4771 -4771 -4771 -4768 -4766 -4765 -4742 -4744 -4753 -4743 -4735 -4731 -4705 -4712 -4708 -4687 -4679 -4667 -4648 -4637 -4631 -4616 -4607 -4600 -4587 -4556 -4552 -4543 -4538 -4518 -4505 -4489 -4490 -4478 -4468 -4467 -4443 -4416 -4406 -4389 -4370 -4359 -4351 -4337 -4319 -4383 -4377 -4513 -4426 -4258 -4255 -4240 -4208 -4202 -4201 -4185 -4193 -4167 -4135
-5038 -4854 -4636 -4572 -4742 -4936 -4919 -4838 -4837 -4837 -4843 -4822 -4823 -4838 -4830 -4827 -4785 -4765 -4808 -4802 -4806 -4797 -4720 -4738 -4752 -4778 -4768 -4765 -4761 -4758 -4752 -4745 -4744 -4742 -4730 -4726 -4734 -4720 -4693 -4707 -4673 -4656 -4643 -4633 -4613 -4598 -4612 -4612 -4585 -4564 -4570 -4446 -4476 -4504 -4509 -4503 -4497 -4489 -4470 -4446 -4443 -4429 -4410 -4392 -4386 -4398 -4376 -4410 -4372 -4336 -4310 -4194 -4253 -4279 -4276 -4252 -4219 -4219 -4184 -4174 -4129 -4103
-4972 -4840 -4794 -4828 -4842 -4841 -4808 -4821 -4790 -4708 -4760 -4793 -4831 -4826 -4819 -4829 -4768 -4775 -4788 -4811 -4810 -4803 -4798 -4785 -4765 -4765 -4780 -4772 -4760 -4748 -4750 -4746 -4742 -4720 -4719 -4715 -4740 -4735 -4730 -4663 -4649 -4654 -4651 -4640 -4598 -4567 -4594 -4586 -4577 -4564 -4556 -4518 -4495 -4518 -4520 -4527 -4498 -4476 -4462 -4450 -4434 -4380 -4415 -4409 -4408 -4402 -4414 -4382 -4394 -4337 -4311 -4294 -4310 -4276 -4247 -4215 -4205 -4199 -4194 -4179 -4113 -4069
-4995 -4895 -4896 -5002 -4975 -4914 -4910 -4877 -4841 -4809 -4792 -4756 -4652 -4654 -4748 -4831 -4827 -4719 -4695 -4797 -4827 -4808 -4822 -4777 -4740 -4784 -4771 -4804 -4762 -4707 -4738 -4733 -4621 -4723 -4746 -4732 -4744 -4748 -4746 -4657 -4662 -4664 -4656 -4646 -4636 -4650 -4633 -4587 -4572 -4536 -4559 -4564 -4548 -4534 -4541 -4552 -4527 -4493 -4481 -4467 -4420 -4400 -4440 -4437 -4420 -4413 -4396 -4405 -4376 -4254 -4041 -4225 -4008 -4217 -4259 -4235 -4226 -4198 -4195 -4186 -4137 -4010
-4976 -4901 -4917 -4930 -4941 -4914 -4950 -4964 -4854 -4856 -4894 -4801 -4680 -4552 -4675 -4824 -4833 -4773 -4738 -4769 -4810 -4806 -4803 -4755 -4754 -4776 -4770 -4776 -4698 -4703 -4723 -4742 -4753 -4742 -4787 -4781 -4761 -4772 -4737 -4659 -4674 -4683 -4678 -4652 -4642 -4663 -4649 -4499 -4454 -4493 -4532 -4554 -4552 -4554 -4538 -4543 -4505 -4502 -4478 -4467 -4487 -4477 -4490 -4468 -4464 -4341 -4396 -4399 -4366 -4284 -4176 -4316 -4162 -4186 -4191 -4231 -4211 -4224 -4226 -4202 -4184 -4121
-4860 -4881 -4908 -4893 -4916 -4874 -4872 -4941 -4863 -4853 -4859 -4800 -4749 -4772 -4657 -4828 -4827 -4808 -4771 -4816 -4824 -4831 -4764 -4801 -4804 -4740 -4731 -4769 -4778 -4776 -4773 -4733 -4752 -4688 -4738 -4706 -4675 -4747 -4738 -4702 -4637 -4629 -4664 -4688 -4664 -4634 -4624 -4555 -4552 -4561 -4576 -4580 -4540 -4561 -4547 -4548 -4547 -4536 -4522 -4499 -4470 -4461 -4453 -4442 -4440 -4442 -4436 -4409 -4409 -4369 -4355 -4340 -4331 -4327 -4310 -4378 -4273 -4265 -4252 -4245 -4226 -4195
-4844 -4871 -4926 -5011 -5012 -4891 -4799 -4878 -4950 -4805 -4795 -4820 -4765 -4810 -4793 -4803 -4832 -4824 -4791 -4807 -4830 -4844 -4730 -4776 -4803 -4692 -4685 -4837 -4889 -4790 -4723 -4786 -4767 -4712 -4685 -4622 -4601 -4717 -4774 -4690 -4597 -4640 -4699 -4738 -4687 -4609 -4582 -4487 -4563 -4685 -4597 -4620 -4584 -4548 -4563 -4536 -4509 -4444 -4435 -4500 -4496 -4458 -4453 -4454 -4458 -4290 -3304 -3923 -4309 -4384 -4407 -4169 -3918 -4303 -4315 -4319 -4294 -4286 -4280 -4260 -4220 -4176
-4909 -4889 -4839 -4919 -4873 -4865 -4817 -4764 -4880 -4926 -4873 -4882 -4834 -4793 -4846 -4828 -4838 -4831 -4819 -4828 -4825 -4826 -4734 -4724 -4847 -4810 -4678 -4802 -4855 -4657 -4605 -4801 -4775 -4681 -4690 -4636 -4633 -4678 -4746 -4758 -4712 -4672 -4658 -4642 -4628 -4628 -4572 -4503 -4499 -4541 -4556 -4471 -4581 -4553 -4538 -4532 -4518 -4490 -4494 -4506 -4478 -4470 -4466 -4459 -4447 -3667 -2616 -3199 -3687 -4021 -4222 -4273 -4166 -4253 -4317 -4307 -4333 -4321 -4300 -4272 -4184 -4074
-4824 -4848 -4800 -4763 -4814 -4822 -4853 -4824 -4885 -4928 -4819 -4728 -4654 -4738 -4817 -4831 -4813 -4792 -4801 -4830 -4853 -4891 -4842 -4751 -4943 -4954 -4751 -4760 -4762 -4597 -4614 -4813 -4777 -4628 -4669 -4719 -4684 -4760 -4749 -4794 -4796 -4775 -4691 -4672 -4658 -4601 -4598 -4606 -4595 -4544 -4567 -4457 -4503 -4554 -4551 -4542 -4538 -4535 -4525 -4512 -4481 -4464 -4445 -4479 -4481 -4237 -3853 -3810 -3904 -3215 -3573 -3511 -3984 -4309 -4316 -4354 -4355 -4332 -4330 -4266 -4110 -4024
-4883 -4859 -4908 -4849 -4873 -4885 -4838 -4880 -4686 -4773 -4816 -4757 -4635 -4726 -4793 -4815 -4829 -4772 -4819 -4808 -4811 -4813 -4791 -4744 -4825 -4844 -4719 -4776 -4716 -4696 -4722 -4802 -4768 -4737 -4783 -4818 -4793 -4775 -4787 -4817 -4776 -4774 -4691 -4626 -4599 -4621 -4467 -4422 -4507 -4556 -4554 -4575 -4574 -4560 -4544 -4549 -4539 -4533 -4537 -4539 -4514 -4470 -4459 -4501 -4497 -4505 -4518 -4468 -4373 -4270 -3758 -3002 -3710 -4096 -4023 -4403 -4366 -4346 -4324 -4223 -4045 -4026
-4908 -4857 -4859 -4916 -4868 -4807 -4866 -4606 -4192 -4477 -4832 -4706 -4670 -4791 -4773 -4763 -4743 -4776 -4749 -4750 -4775 -4750 -4716 -4694 -4717 -4754 -4733 -4749 -4774 -4821 -4769 -4763 -4764 -4784 -4778 -4786 -4682 -4713 -4705 -4749 -4743 -4736 -4676 -4619 -4682 -4671 -4657 -4780 -4737 -4515 -4437 -4573 -4577 -4565 -4555 -4535 -4546 -4563 -4528 -4514 -4511 -4502 -4486 -4479 -4498 -4502 -4497 -4487 -4486 -4455 -4489 -4265 -4257 -3968 -4155 -4411 -4379 -4322 -4315 -4195 -4195 -4052
-4903 -4833 -4946 -4947 -4829 -4727 -4798 -4724 -4547 -4754 -4962 -4844 -4727 -4737 -4748 -4790 -4767 -4768 -4742 -4795 -4776 -4815 -4791 -4718 -4675 -4569 -4697 -4789 -4775 -4812 -4774 -4789 -4774 -4768 -4743 -4752 -4710 -4663 -4644 -4675 -4750 -4747 -4687 -4743 -4778 -4686 -4679 -4739 -4697 -4611 -4586 -4574 -4587 -4629 -4606 -4564 -4522 -4119 -4216 -4490 -4512 -4519 -4489 -4485 -4522 -4509 -4471 -4485 -4518 -4487 -4509 -4501 -4476 -4465 -4440 -4410 -4395 -4309 -4298 -4295 -4096 -4122
-4823 -4932 -4991 -4921 -4870 -4896 -4793 -4816 -4841 -4946 -4938 -4910 -4818 -4812 -4815 -4754 -4794 -4758 -4696 -4689 -4783 -4833 -4711 -4710 -4672 -4668 -4783 -4775 -4799 -4736 -4756 -4769 -4745 -4766 -4758 -4700 -4714 -4702 -4733 -4760 -4775 -4767 -4747 -4765 -4750 -4751 -4631 -4550 -4528 -4645 -4647 -4517 -4582 -4595 -4594 -4589 -4591 -4610 -4608 -4543 -4503 -4512 -4512 -4516 -4543 -4548 -4536 -4534 -4518 -4523 -4510 -4496 -4472 -4464 -4435 -4414 -4379 -4324 -4289 -4154 -4142 -4089
-4854 -4892 -4938 -4895 -4969 -5047 -4804 -4696 -4829 -4891 -4853 -4787 -4822 -4804 -4791 -4742 -4795 -4759 -4658 -4612 -4725 -4757 -4692 -4732 -4766 -4838 -4782 -4755 -4722 -4768 -4855 -4830 -4727 -4738 -4761 -4779 -4713 -4692 -4748 -4760 -4745 -4758 -4767 -4686 -4612 -4641 -4573 -4620 -4652 -4693 -4626 -4538 -4613 -4607 -4594 -4563 -4600 -4606 -4598 -4554 -4544 -4537 -4531 -4523 -4553 -4566 -4541 -4535 -4521 -4520 -4505 -4503 -4491 -4490 -4470 -4448 -4402 -4351 -4286 -4185 -4157 -4065
-4909 -4902 -4922 -4879 -4957 -5014 -4795 -4683 -4777 -4859 -4820 -4775 -4860 -4868 -4782 -4727 -4780 -4803 -4793 -4754 -4748 -4745 -4688 -4779 -4810 -4767 -4727 -4699 -4686 -4772 -4857 -4816 -4739 -4744 -4721 -4752 -4771 -4727 -4768 -4795 -4760 -4768 -4801 -4732 -4643 -4705 -4705 -4676 -4710 -4703 -4657 -4565 -4617 -4639 -4611 -4554 -4621 -4615 -4585 -4568 -4599 -4574 -4534 -4521 -4558 -4570 -4553 -4549 -4523 -4528 -4522 -4521 -4511 -4502 -4480 -4465 -4430 -4355 -4265 -4226 -4184 -4083
-4886 -4893 -4990 -4952 -4960 -4773 -4695 -4746 -4674 -4743 -4765 -4777 -4795 -4875 -4748 -4720 -4750 -4796 -4820 -4718 -4709 -4735 -4787 -4826 -4774 -4741 -4677 -4698 -4742 -4803 -4740 -4718 -4773 -4766 -4733 -4715 -4780 -4741 -4684 -4817 -4808 -4795 -4804 -4776 -4721 -4703 -4718 -4721 -4731 -4742 -4678 -4548 -4606 -4625 -4616 -4608 -4611 -4609 -4589 -4589 -4653 -4649 -4583 -4553 -4575 -4591 -4579 -4560 -4556 -4499 -4520 -4521 -4527 -4500 -4494 -4457 -4455 -4332 -4269 -4274 -4209 -4130
-4853 -4829 -4840 -4916 -4930 -4779 -4720 -4777 -4736 -4719 -4751 -4718 -4740 -4781 -4778 -4746 -4776 -4829 -4833 -4711 -4694 -4689 -4752 -4800 -4823 -4751 -4676 -4715 -4835 -4867 -4740 -4663 -4754 -4787 -4738 -4757 -4776 -4819 -4760 -4808 -4810 -4781 -4834 -4842 -4807 -4782 -4795 -4769 -4721 -4688 -4594 -4554 -4597 -4630 -4623 -4622 -4661 -4629 -4495 -4256 -4539 -4699 -4669 -4600 -4593 -4609 -4577 -4566 -4525 -4483 -4516 -4531 -4516 -4495 -4499 -4459 -4418 -4293 -4302 -4435 -4331 -4179
-4993 -4965 -4872 -4894 -4862 -4814 -4804 -4769 -4754 -4663 -4708 -4744 -4728 -4760 -4790 -4793 -4869 -4965 -4994 -4775 -4689 -4638 -4690 -4643 -4665 -4686 -4723 -4733 -4715 -4736 -4734 -4753 -4743 -4766 -4820 -4802 -4809 -4796 -4785 -4804 -4795 -4803 -4826 -4764 -4574 -4792 -4801 -4798 -4800 -4756 -4637 -4581 -4592 -4636 -4645 -4659 -4674 -4668 -4632 -4643 -4613 -4635 -4631 -4617 -4611 -4614 -4593 -4581 -4567 -4528 -4518 -4529 -4497 -4488 -4500 -4476 -4415 -4257 -4211 -4272 -4245 -4192
-5061 -4994 -4929 -4851 -4837 -4863 -4861 -4834 -4835 -4676 -4716 -4787 -4767 -4721 -4755 -4762 -4661 -4675 -4884 -4887 -4670 -4567 -4626 -4720 -4771 -4802 -4776 -4724 -4697 -4729 -4773 -4773 -4745 -4770 -4748 -4737 -4740 -4748 -4791 -4819 -4826 -4823 -4780 -4573 -4392 -4826 -4821 -4818 -4787 -4704 -4596 -4566 -4594 -4602 -4629 -4610 -4577 -4579 -4634 -4639 -4629 -4645 -4631 -4629 -4638 -4633 -4611 -4570 -4558 -4533 -4521 -4511 -4482 -4490 -4492 -4482 -4396 -4256 -4195 -4267 -4203 -4174
-4780 -4845 -4921 -4815 -4701 -4524 -4836 -4845 -4847 -4714 -4645 -4743 -4740 -4744 -4761 -4754 -4737 -4748 -4787 -4759 -4688 -4579 -4657 -4693 -4750 -4804 -4808 -4752 -4701 -4794 -4838 -4818 -4814 -4765 -4738 -4773 -4812 -4832 -4808 -4814 -4863 -4828 -4808 -4770 -4763 -4815 -4819 -4812 -4690 -4668 -4554 -4595 -4597 -4618 -4654 -4656 -4646 -4635 -4505 -4646 -4644 -4644 -4644 -4646 -4647 -4645 -4625 -4575 -4551 -4539 -4534 -4532 -4411 -4492 -4471 -4475 -4421 -4256 -4196 -4252 -4222 -4215
-4791 -4742 -4917 -4884 -4699 -4370 -4564 -4800 -4874 -4762 -4644 -4722 -4714 -4676 -4727 -4697 -4693 -4784 -4792 -4782 -4779 -4641 -4673 -4669 -4729 -4770 -4782 -4724 -4664 -4770 -4925 -5005 -4922 -4832 -4878 -4887 -4841 -4783 -4779 -4855 -4867 -4809 -4795 -4811 -4806 -4794 -4735 -4349 -4444 -4718 -4627 -4659 -4643 -4658 -4680 -4662 -4652 -4645 -4621 -4644 -4641 -4648 -4650 -4632 -4635 -4660 -4657 -4604 -4588 -4565 -4546 -4546 -4472 -4495 -4467 -4458 -4444 -4277 -4202 -4258 -4255 -4252
-4864 -4826 -4902 -4850 -4722 -4542 -4523 -4587 -4653 -4677 -4626 -4746 -4748 -4640 -4725 -4617 -4600 -4722 -4752 -4820 -4811 -4645 -4688 -4749 -4754 -4759 -4813 -4833 -4700 -4556 -4620 -4835 -4663 -4879 -4911 -4913 -4828 -4824 -4883 -4948 -4902 -4822 -4801 -4799 -4766 -4764 -4685 -4451 -4608 -4717 -4680 -4676 -4735 -4763 -4750 -4662 -4632 -4652 -4659 -4606 -4614 -4651 -4663 -4647 -4679 -4760 -4708 -4588 -4612 -4608 -4563 -4519 -4477 -4471 -4466 -4451 -4491 -4386 -4251 -4289 -4259 -4261
-4827 -4817 -4846 -4804 -4752 -4654 -4657 -4616 -4770 -4762 -4680 -4731 -4685 -4750 -4759 -4754 -4714 -4766 -4675 -4790 -4776 -4681 -4645 -4747 -4714 -4758 -4779 -4863 -4782 -4692 -4358 -4245 -4249 -4821 -4853 -4824 -4820 -4804 -4766 -4814 -4789 -4769 -4793 -4775 -4782 -4796 -4817 -4799 -4700 -4674 -4689 -4682 -4685 -4678 -4676 -4667 -4659 -4658 -4656 -4652 -4660 -4663 -4666 -4661 -4637 -4656 -4636 -4632 -4624 -4612 -4582 -4526 -4515 -4505 -4517 -4474 -4450 -4403 -4316 -4268 -4228 -4242
-4827 -4861 -4887 -4830 -4806 -4745 -4696 -4745 -4863 -4774 -4710 -4696 -4707 -4770 -4740 -4871 -4792 -4779 -4718 -4697 -4692 -4676 -4707 -4769 -4726 -4759 -4770 -4799 -4784 -4861 -5060 -5077 -5018 -4795 -4739 -4720 -4830 -4741 -4635 -4743 -4766 -4777 -4687 -4794 -4817 -4814 -4802 -4792 -4678 -4455 -4657 -4694 -4683 -4673 -4681 -4668 -4661 -4665 -4658 -4670 -4667 -4655 -4594 -4600 -4631 -4641 -4646 -4636 -4633 -4638 -4624 -4597 -4603 -4566 -4535 -4515 -4488 -4421 -4368 -4292 -4254 -4277
-4736 -4854 -4874 -4824 -4850 -4807 -4611 -4666 -4813 -4737 -4721 -4662 -4759 -4698 -4681 -4611 -4772 -4729 -4750 -4742 -4709 -4691 -4744 -4830 -4726 -4737 -4712 -4707 -4759 -4862 -4981 -4965 -4871 -4772 -4654 -4666 -4762 -4712 -4662 -4742 -4820 -4783 -4692 -4774 -4852 -4828 -4689 -4662 -4669 -4658 -4666 -4691 -4674 -4688 -4675 -4677 -4679 -4674 -4650 -4664 -4669 -4648 -4595 -4640 -4677 -4675 -4662 -4666 -4648 -4623 -4605 -4603 -4312 -4557 -4572 -4546 -4523 -4478 -4402 -4300 -4239 -4243
-4778 -4781 -4731 -4799 -4716 -4757 -4555 -4417 -4691 -4699 -4774 -4764 -4739 -4800 -4817 -4804 -4752 -4732 -4765 -4736 -4708 -4755 -4795 -4729 -4674 -4657 -4633 -4655 -4679 -4723 -4758 -4769 -4654 -4790 -4671 -4633 -4712 -4740 -4728 -4711 -4686 -4658 -4642 -4752 -4792 -4793 -4662 -4691 -4671 -4690 -4680 -4680 -4654 -4641 -4650 -4668 -4672 -4673 -4671 -4678 -4688 -4694 -4695 -4690 -4681 -4663 -4652 -4646 -4640 -4632 -4629 -4623 -4595 -4560 -4512 -4497 -4465 -4426 -4392 -4344 -4282 -4240
-4822 -4764 -4748 -4837 -4787 -4818 -4835 -4780 -4745 -4612 -4662 -4801 -4779 -4743 -4774 -4817 -4742 -4737 -4791 -4703 -4645 -4780 -4834 -4748 -4653 -4649 -4646 -4666 -4690 -4676 -4690 -4775 -4823 -4767 -4653 -4673 -4813 -4775 -4732 -4676 -4621 -4615 -4682 -4821 -4899 -4836 -4741 -4697 -4652 -4685 -4680 -4680 -4674 -4643 -4632 -4650 -4664 -4711 -4704 -4690 -4690 -4677 -4678 -4678 -4693 -4697 -4692 -4684 -4668 -4637 -4580 -4567 -4524 -4496 -4490 -4520 -4437 -4385 -4369 -4393 -4404 -4376
-4799 -4757 -4753 -4847 -4766 -4775 -4900 -4922 -4732 -4642 -4720 -4799 -4779 -4758 -4804 -4830 -4736 -4713 -4780 -4711 -4652 -4657 -4753 -4811 -4690 -4646 -4657 -4622 -4756 -4748 -4740 -4706 -4807 -4791 -4722 -4669 -4782 -4773 -4730 -4690 -4655 -4748 -4806 -4842 -4846 -4833 -4798 -4743 -4655 -4712 -4713 -4736 -4748 -4658 -4632 -4686 -4612 -4631 -4675 -4695 -4708 -4708 -4687 -4684 -4676 -4665 -4653 -4628 -4595 -4568 -4545 -4531 -4510 -4447 -4304 -4389 -4421 -4391 -4358 -4338 -4332 -4305
-4793 -4775 -4739 -4725 -4747 -4803 -4941 -4983 -4798 -4703 -4759 -4719 -4681 -4648 -4803 -4829 -4646 -4619 -4722 -4744 -4709 -4739 -4777 -4790 -4734 -4665 -4677 -4658 -4693 -4744 -4775 -4613 -4771 -4806 -4637 -4556 -4716 -4838 -4788 -4650 -4623 -4732 -4808 -4848 -4758 -4282 -4456 -4633 -4617 -4736 -4741 -4749 -4780 -4715 -4692 -4755 -4710 -4667 -4708 -4708 -4712 -4648 -4639 -4643 -4622 -4644 -4638 -4609 -4567 -4550 -4523 -4524 -4498 -4202 -3320 -3738 -4495 -4479 -4407 -4348 -4312 -4350
-4933 -4843 -4737 -4696 -4728 -4834 -4937 -4867 -4710 -4641 -4697 -4672 -4656 -4667 -4781 -4834 -4727 -4729 -4812 -4770 -4734 -4795 -4828 -4783 -4831 -4836 -4753 -4643 -4770 -4749 -4760 -4640 -4691 -4818 -4685 -4638 -4768 -4797 -4699 -4674 -4693 -4802 -4807 -4847 -4875 -4640 -4643 -4706 -4694 -4753 -4751 -4757 -4802 -4783 -4758 -4774 -4646 -4648 -4682 -4695 -4660 -4659 -4660 -4642 -4612 -4649 -4630 -4574 -4572 -4560 -4290 -4468 -4483 -4337 -4129 -4258 -4483 -4472 -4414 -4381 -4349 -4340
-4863 -4856 -4802 -4849 -4798 -4784 -4853 -4827 -4775 -4684 -4834 -4793 -4815 -4807 -4861 -4842 -4741 -4702 -4829 -4750 -4685 -4763 -4789 -4749 -4791 -4814 -4749 -4681 -4740 -4798 -4824 -4765 -4769 -4800 -4696 -4756 -4709 -4732 -4555 -4825 -4810 -4808 -4849 -4787 -4838 -4813 -4798 -4700 -4715 -4809 -4756 -4767 -4726 -4708 -4740 -4727 -4733 -4689 -4702 -4654 -4658 -4664 -4651 -4641 -4632 -4637 -4639 -4599 -4576 -4568 -4365 -4483 -4478 -4454 -4460 -4461 -4436 -4412 -4399 -4383 -4356 -4311
-4864 -4886 -4850 -4842 -4838 -4839 -4821 -4787 -4705 -4726 -4808 -4890 -4987 -4906 -4826 -4807 -4751 -4731 -4814 -4809 -4742 -4798 -4809 -4788 -4813 -4805 -4817 -4804 -4860 -4880 -4893 -4872 -4862 -4773 -4724 -4877 -4750 -4766 -4576 -4716 -4796 -4800 -4883 -4888 -4876 -4814 -4753 -4708 -4799 -4775 -4665 -4749 -4754 -4735 -4782 -4721 -4712 -4666 -4679 -4665 -4665 -4624 -4644 -4699 -4687 -4655 -4634 -4602 -4588 -4579 -4533 -4499 -4375 -4274 -4353 -4460 -4401 -4305 -4315 -4340 -4327 -4299
