unsorted/2nd_wkProject_animove/random_stuff/bathymetry plotting/geodas_wc_bath-9981/wc_bath-9981/wc_bath-9981.asc
NCOLS   196
NROWS   271
XLLCENTER -130.0000000000
YLLCENTER  32.0000000000
CELLSIZE 0.066666666667
NODATA_VALUE   -32768
[rows 37 to 73 of 271, columns 0 to 81 of 196]
-2748 -2670 -2736 -2676 -2674 -2753 -2770 -2764 -2773 -2581 -2640 -2711 -2606 -2546 -2499 -2593 -2673 -2644 -2647 -2680 -2677 -2690 -2694 -2694 -2667 -2656 -2661 -2666 -2667 -2677 -2696 -2703 -2685 -2688 -2652 -2690 -2665 -2652 -2625 -2606 -2600 -2564 -2528 -2525 -2549 -2517 -2500 -2486 -2448 -2433 -2407 -2388 -2367 -2355 -2352 -2362 -2356 -2180 -1837 -1720 -1728 -1389 -1296 -1325 -1507 -1478 -1391 -1283 -1109 -685 -1051 -813 -589 -575 -631 -359 -173 -135 -109 -86 -71 -50
-2870 -2706 -2724 -2726 -2513 -2590 -2426 -2588 -2769 -2667 -2701 -2642 -2638 -2625 -2516 -2633 -2659 -2653 -2669 -2687 -2681 -2678 -2677 -2708 -2730 -2729 -2712 -2682 -2664 -2691 -2738 -2737 -2724 -2698 -2699 -2661 -2646 -2642 -2657 -2617 -2570 -2567 -2558 -2572 -2577 -2562 -2524 -2505 -2488 -2491 -2482 -2433 -2403 -2393 -2376 -2385 -2289 -2326 -1639 -1717 -1726 -1572 -1524 -1573 -1606 -1532 -1498 -1427 -1419 -1451 -1377 -973 -639 -751 -1088 -769 -788 -441 -123 -100 -80 -56
-2887 -2667 -2727 -2819 -2823 -2743 -2532 -2453 -2724 -2704 -2678 -2626 -2647 -2675 -2621 -2645 -2651 -2647 -2641 -2672 -2714 -2716 -2710 -2690 -2704 -2752 -2742 -2688 -2679 -2697 -2706 -2726 -2715 -2700 -2672 -2672 -2685 -2665 -2630 -2596 -2568 -2582 -2613 -2619 -2596 -2550 -2539 -2535 -2529 -2518 -2511 -2442 -2432 -2417 -2412 -2450 -2471 -2236 -1843 -1779 -1733 -1506 -1690 -1691 -1662 -1375 -1469 -1506 -1483 -1510 -1489 -1094 -805 -1233 -1351 -1299 -1199 -1003 -380 -117 -93 -73
-2803 -2671 -2730 -2717 -2709 -2738 -2807 -2776 -2709 -2651 -2556 -2452 -2628 -2588 -2619 -2613 -2643 -2616 -2646 -2667 -2676 -2712 -2715 -2738 -2713 -2704 -2707 -2728 -2692 -2649 -2685 -2694 -2673 -2656 -2687 -2689 -2694 -2675 -2629 -2626 -2619 -2613 -2603 -2617 -2626 -2557 -2552 -2560 -2542 -2517 -2473 -2475 -2468 -2458 -2454 -2460 -2450 -2386 -2101 -1973 -1916 -1810 -1785 -1711 -1753 -1547 -1337 -1502 -1567 -1536 -1536 -1204 -1666 -1398 -1392 -1232 -1019 -758 -567 -127 -98 -76
-2643 -2642 -2684 -2764 -2730 -2825 -2747 -2720 -2707 -2650 -2557 -2275 -2579 -2594 -2622 -2625 -2487 -2585 -2652 -2702 -2734 -2712 -2701 -2711 -2762 -2744 -2676 -2707 -2693 -2646 -2711 -2663 -2697 -2732 -2703 -2661 -2669 -2661 -2658 -2651 -2627 -2646 -2667 -2616 -2599 -2568 -2575 -2558 -2542 -2519 -2500 -2536 -2513 -2495 -2489 -2490 -2497 -2494 -2412 -2095 -1874 -1685 -1778 -1773 -1788 -1707 -1378 -1593 -1742 -1708 -1677 -1455 -1123 -838 -776 -554 -718 -245 -154 -123 -98 -81
-2646 -2657 -2709 -2719 -2705 -2770 -2768 -2704 -2714 -2663 -2719 -2522 -2591 -2590 -2615 -2616 -2567 -2666 -2652 -2672 -2708 -2731 -2712 -2721 -2717 -2699 -2676 -2689 -2692 -2684 -2699 -2738 -2726 -2671 -2663 -2644 -2646 -2657 -2663 -2681 -2671 -2651 -2623 -2630 -2606 -2594 -2578 -2551 -2559 -2537 -2548 -2556 -2538 -2521 -2507 -2497 -2499 -2499 -2468 -2183 -2017 -1895 -1805 -1796 -1771 -1738 -1589 -1626 -1781 -1727 -1629 -1478 -1146 -912 -805 -537 -301 -154 -136 -117 -96 -79
-2648 -2671 -2697 -2702 -2788 -2797 -2706 -2715 -2677 -2716 -2599 -2584 -2605 -2572 -2607 -2616 -2639 -2672 -2724 -2732 -2768 -2738 -2718 -2724 -2714 -2711 -2692 -2685 -2699 -2737 -2726 -2710 -2701 -2694 -2686 -2684 -2654 -2688 -2707 -2653 -2681 -2692 -2632 -2580 -2590 -2618 -2603 -2587 -2569 -2535 -2538 -2533 -2531 -2522 -2514 -2514 -2524 -2535 -2531 -2206 -2090 -2001 -1717 -1679 -1718 -1700 -1645 -1700 -1752 -1700 -1654 -1563 -1511 -1415 -1214 -561 -164 -145 -130 -114 -98 -79
-2684 -2707 -2731 -2697 -2592 -2618 -2760 -2672 -2651 -2704 -2561 -2602 -2524 -2597 -2580 -2592 -2716 -2724 -2732 -2752 -2762 -2748 -2725 -2708 -2699 -2710 -2725 -2697 -2705 -2729 -2700 -2696 -2715 -2760 -2739 -2696 -2676 -2665 -2671 -2688 -2693 -2733 -2706 -2611 -2606 -2617 -2599 -2569 -2538 -2573 -2576 -2568 -2552 -2521 -2520 -2523 -2545 -2574 -2582 -2438 -2377 -2007 -1688 -1538 -1852 -1691 -1692 -1719 -1819 -1834 -1829 -1717 -1529 -1398 -1202 -744 -178 -151 -135 -116 -99 -82
-2590 -2691 -2631 -2694 -2670 -2691 -2737 -2715 -2748 -2596 -2590 -2596 -2519 -2599 -2618 -2650 -2716 -2737 -2739 -2761 -2757 -2716 -2710 -2718 -2674 -2685 -2714 -2704 -2722 -2715 -2743 -2714 -2704 -2702 -2687 -2685 -2679 -2668 -2670 -2679 -2691 -2710 -2748 -2715 -2636 -2621 -2623 -2590 -2571 -2565 -2559 -2553 -2565 -2562 -2552 -2545 -2573 -2570 -2563 -2549 -2531 -2201 -1782 -1737 -1797 -1834 -1838 -1815 -1827 -1928 -1853 -1695 -1447 -1210 -1017 -435 -157 -168 -150 -125 -103 -88
-2467 -2646 -2589 -2731 -2673 -2708 -2682 -2668 -2457 -2320 -2590 -2420 -2617 -2585 -2592 -2701 -2650 -2656 -2670 -2773 -2731 -2718 -2707 -2723 -2635 -2677 -2706 -2745 -2708 -2707 -2712 -2693 -2676 -2692 -2708 -2674 -2665 -2668 -2659 -2662 -2687 -2658 -2632 -2635 -2640 -2639 -2612 -2626 -2591 -2586 -2571 -2562 -2556 -2573 -2553 -2591 -2597 -2584 -2558 -2566 -2524 -2144 -1803 -1847 -1864 -1876 -1899 -1815 -1841 -1945 -1890 -1508 -967 -997 -1280 -506 -295 -225 -207 -136 -112 -98
-2597 -2606 -2633 -2676 -2679 -2728 -2677 -2756 -2594 -2601 -2479 -2464 -2627 -2577 -2677 -2698 -2692 -2713 -2727 -2756 -2771 -2761 -2738 -2723 -2307 -2468 -2718 -2736 -2747 -2718 -2720 -2706 -2698 -2706 -2726 -2704 -2701 -2693 -2647 -2654 -2668 -2689 -2660 -2651 -2645 -2656 -2655 -2620 -2644 -2608 -2590 -2586 -2584 -2589 -2584 -2596 -2617 -2588 -2599 -2582 -2600 -2258 -1873 -1891 -1885 -1875 -1834 -1898 -1845 -2013 -1886 -1488 -882 -711 -680 -702 -529 -198 -160 -142 -124 -105
-2665 -2753 -2723 -2720 -2725 -2729 -2667 -2700 -2508 -2620 -2386 -2670 -2566 -2610 -2655 -2717 -2731 -2706 -2772 -2784 -2731 -2735 -2753 -2718 -2707 -2724 -2751 -2739 -2729 -2746 -2712 -2831 -2868 -2706 -2756 -2742 -2702 -2700 -2679 -2670 -2682 -2680 -2695 -2743 -2760 -2675 -2648 -2650 -2641 -2630 -2619 -2605 -2613 -2594 -2615 -2646 -2651 -2638 -2607 -2612 -2571 -2533 -2206 -1788 -1906 -1838 -1852 -1942 -1938 -2063 -1714 -1186 -1049 -714 -682 -668 -513 -253 -168 -145 -132 -114
-2574 -2724 -2760 -2676 -2746 -2701 -2735 -2617 -2559 -2502 -2521 -2625 -2573 -2632 -2677 -2700 -2692 -2722 -2754 -2744 -2737 -2740 -2738 -2735 -2724 -2761 -2748 -2742 -2779 -2766 -2739 -2723 -2715 -2719 -2717 -2720 -2725 -2710 -2700 -2692 -2732 -2832 -2731 -2762 -2771 -2670 -2662 -2656 -2649 -2641 -2630 -2618 -2618 -2623 -2633 -2628 -2638 -2615 -2601 -2620 -2590 -2571 -2275 -2069 -1915 -1853 -1853 -2006 -2003 -1976 -1787 -1065 -973 -941 -820 -718 -679 -415 -201 -162 -141 -129
-2510 -2583 -2664 -2637 -2633 -2697 -2690 -2547 -2585 -2447 -2654 -2571 -2599 -2634 -2681 -2721 -2693 -2727 -2755 -2747 -2742 -2744 -2745 -2752 -2743 -2755 -2809 -2833 -2765 -2727 -2762 -2743 -2753 -2728 -2720 -2716 -2722 -2718 -2712 -2710 -2687 -2672 -2674 -2688 -2671 -2689 -2676 -2677 -2670 -2665 -2647 -2633 -2639 -2637 -2644 -2634 -2644 -2620 -2619 -2647 -2601 -2585 -2165 -2209 -2060 -1923 -1792 -2124 -1837 -1919 -1906 -1481 -1212 -995 -952 -1029 -768 -562 -309 -205 -151 -137
-2193 -1693 -2539 -2624 -2512 -2637 -2519 -2533 -2556 -2581 -2610 -2578 -2619 -2622 -2671 -2740 -2741 -2736 -2716 -2735 -2749 -2740 -2794 -2874 -2765 -2909 -2937 -2950 -2887 -2747 -2815 -2768 -2775 -2843 -2732 -2724 -2725 -2748 -2753 -2761 -2722 -2720 -2705 -2711 -2706 -2693 -2690 -2686 -2681 -2676 -2667 -2669 -2670 -2679 -2663 -2673 -2665 -2665 -2664 -2649 -2630 -2617 -2541 -2289 -2127 -2119 -1854 -1941 -1875 -1917 -1916 -1870 -1764 -1330 -1136 -1174 -794 -650 -861 -817 -666 -175
-2493 -2276 -2507 -2696 -2552 -2472 -2405 -2538 -2664 -2658 -2489 -2608 -2624 -2651 -2679 -2698 -2688 -2729 -2744 -2751 -2731 -2712 -2753 -2740 -2737 -2811 -2779 -2780 -2801 -2768 -2755 -2760 -2757 -2745 -2742 -2749 -2751 -2750 -2742 -2733 -2728 -2726 -2725 -2727 -2717 -2702 -2697 -2703 -2699 -2695 -2695 -2700 -2707 -2705 -2673 -2658 -2664 -2653 -2659 -2652 -2631 -2611 -2523 -2323 -2218 -2144 -1961 -2063 -1737 -1997 -1953 -1901 -1783 -1600 -1432 -1298 -1238 -1193 -895 -672 -371 -579
-2604 -2600 -2689 -2585 -2495 -2286 -2416 -2658 -2680 -2590 -2611 -2651 -2665 -2687 -2695 -2700 -2705 -2711 -2735 -2780 -2784 -2754 -2724 -2704 -2743 -2800 -2823 -2804 -2790 -2775 -2771 -2769 -2771 -2778 -2783 -2780 -2778 -2769 -2774 -2773 -2783 -2774 -2758 -2743 -2695 -2712 -2709 -2706 -2714 -2712 -2716 -2718 -2689 -2780 -2716 -2685 -2694 -2653 -2640 -2633 -2613 -2594 -2580 -2425 -2109 -2274 -2218 -2282 -2134 -2084 -2188 -2107 -2027 -1982 -1961 -1803 -1641 -1329 -1023 -846 -914 -977
-2283 -2572 -2570 -2538 -2235 -2325 -2404 -2581 -2078 -2458 -2664 -2658 -2676 -2690 -2705 -2729 -2724 -2740 -2771 -2788 -2785 -2778 -2764 -2754 -2762 -2812 -2830 -2828 -2810 -2814 -2815 -2800 -2791 -2799 -2763 -2765 -2728 -2720 -2733 -2755 -2765 -2756 -2739 -2739 -2733 -2715 -2725 -2717 -2720 -2715 -2724 -2742 -2775 -2861 -3037 -2664 -2659 -2647 -2626 -2605 -2573 -2545 -2512 -2465 -2237 -2296 -2203 -2160 -2145 -2126 -2008 -1944 -1743 -1805 -1575 -1436 -1165 -1455 -1380 -1255 -1075 -635
-2610 -2574 -2441 -2222 -2211 -2192 -2507 -2603 -2332 -2510 -2668 -2667 -2698 -2709 -2715 -2726 -2731 -2742 -2768 -2802 -2816 -2819 -2814 -2806 -2801 -2795 -2817 -2844 -2793 -2770 -2784 -2777 -2749 -2757 -2784 -2774 -2749 -2728 -2738 -2731 -2754 -2770 -2770 -2770 -2740 -2712 -2710 -2732 -2724 -2723 -2721 -2731 -2763 -2819 -2852 -2817 -2656 -2649 -2630 -2611 -2600 -2569 -2542 -2494 -2395 -2343 -2217 -2065 -1942 -1936 -1806 -1761 -1729 -1600 -1559 -1230 -1004 -967 -910 -718 -842 -186
-2587 -1939 -2133 -2163 -2193 -2025 -2473 -2582 -2573 -2645 -2687 -2708 -2721 -2733 -2747 -2786 -2759 -2724 -2725 -2788 -2814 -2816 -2816 -2795 -2790 -2791 -2791 -2821 -2819 -2801 -2765 -2740 -2750 -2764 -2764 -2807 -2786 -2752 -2733 -2724 -2724 -2764 -2774 -2779 -2733 -2715 -2716 -2772 -2732 -2722 -2726 -2724 -2714 -2751 -2768 -2709 -2656 -2632 -2631 -2503 -2577 -2607 -2583 -2589 -2503 -2335 -2258 -2107 -1900 -1912 -1724 -1679 -1545 -1624 -1561 -1093 -868 -805 -812 -894 -815 -333
-2242 -1965 -2091 -2182 -2258 -2498 -2614 -2613 -2519 -2655 -2681 -2717 -2679 -2670 -2709 -2737 -2739 -2731 -2725 -2756 -2767 -2790 -2823 -2818 -2812 -2804 -2799 -2810 -2806 -2814 -2789 -2776 -2793 -2790 -2782 -2789 -2804 -2764 -2753 -2746 -2741 -2752 -2756 -2741 -2735 -2721 -2720 -2739 -2762 -2733 -2722 -2727 -2726 -2746 -2737 -2695 -2679 -2661 -2658 -2655 -2610 -2597 -2602 -2601 -2487 -2451 -2355 -2169 -2044 -1852 -1630 -1621 -1625 -1539 -1403 -1091 -942 -788 -861 -877 -517 -192
-1849 -1859 -2159 -2214 -2279 -2512 -2576 -2541 -2542 -2657 -2708 -2704 -2766 -2786 -2749 -2722 -2767 -2735 -2752 -2837 -2785 -2652 -2702 -2821 -2785 -2801 -2813 -2817 -2847 -2865 -2849 -2813 -2807 -2804 -2798 -2789 -2804 -2807 -2768 -2761 -2758 -2757 -2779 -2767 -2748 -2748 -2751 -2746 -2749 -2774 -2734 -2726 -2729 -2729 -2725 -2700 -2684 -2659 -2625 -2609 -2602 -2585 -2590 -2605 -2506 -2460 -2374 -2134 -1943 -1743 -1469 -1559 -1513 -1473 -1373 -1290 -1041 -931 -827 -535 -193 -153
-1663 -2138 -2249 -2247 -2199 -2387 -2570 -2554 -2645 -2672 -2686 -2712 -2819 -2845 -2746 -2730 -2802 -2791 -2755 -2708 -2564 -2450 -2616 -2753 -2802 -2791 -2797 -2818 -2839 -2832 -2841 -2843 -2840 -2819 -2821 -2813 -2792 -2815 -2790 -2765 -2769 -2763 -2772 -2795 -2771 -2759 -2759 -2759 -2750 -2736 -2788 -2732 -2716 -2715 -2712 -2680 -2675 -2665 -2633 -2607 -2588 -2563 -2532 -2474 -2453 -2336 -2197 -2056 -1860 -1642 -1565 -1566 -1541 -1482 -1400 -1403 -1004 -754 -443 -367 -194 -156
-1520 -1970 -2074 -2122 -2040 -2379 -2602 -2574 -2679 -2691 -2701 -2710 -2775 -2764 -2734 -2733 -2788 -2847 -2807 -2653 -2567 -2653 -2752 -2779 -2824 -2804 -2801 -2828 -2830 -2806 -2823 -2856 -2877 -2841 -2833 -2833 -2794 -2805 -2826 -2792 -2780 -2779 -2789 -2809 -2813 -2776 -2773 -2774 -2758 -2746 -2745 -2742 -2707 -2701 -2692 -2684 -2652 -2645 -2640 -2600 -2567 -2537 -2486 -2354 -2254 -2244 -2004 -1958 -1857 -1332 -1698 -1603 -1459 -1536 -1276 -1280 -639 -841 -460 -320 -201 -164
-1548 -1637 -1782 -2069 -2321 -2622 -2670 -2680 -2566 -2631 -2697 -2720 -2761 -2729 -2758 -2716 -2740 -2779 -2803 -2781 -2777 -2770 -2784 -2844 -2820 -2833 -2822 -2827 -2827 -2847 -2858 -2869 -2881 -2864 -2832 -2816 -2805 -2812 -2837 -2843 -2795 -2780 -2789 -2796 -2802 -2805 -2803 -2805 -2766 -2752 -2733 -2725 -2741 -2694 -2683 -2670 -2647 -2636 -2609 -2602 -2577 -2489 -2416 -2382 -2265 -2148 -2003 -1908 -2040 -1861 -1311 -1571 -1597 -1544 -1544 -1299 -708 -710 -626 -336 -206 -157
-1813 -1909 -1971 -2101 -2646 -2662 -2635 -2259 -1727 -2366 -2716 -2703 -2707 -2726 -2764 -2752 -2761 -2737 -2749 -2771 -2785 -2752 -2743 -2736 -2726 -2756 -2843 -2821 -2815 -2845 -2858 -2871 -2858 -2880 -2852 -2841 -2830 -2821 -2817 -2850 -2816 -2803 -2808 -2806 -2790 -2819 -2830 -2775 -2762 -2752 -2738 -2723 -2734 -2697 -2675 -2658 -2645 -2636 -2614 -2599 -2565 -2480 -2423 -2373 -2259 -2197 -2060 -2039 -1757 -1955 -1614 -1342 -1610 -1530 -1563 -1220 -1067 -824 -732 -358 -208 -177
-2008 -2247 -2161 -2371 -2591 -2572 -2320 -2149 -2444 -2706 -2720 -2715 -2693 -2711 -2788 -2785 -2753 -2742 -2758 -2787 -2809 -2778 -2741 -2737 -2751 -2788 -2825 -2873 -2860 -2847 -2879 -2903 -2871 -2868 -2879 -2852 -2847 -2834 -2827 -2827 -2857 -2814 -2819 -2811 -2800 -2828 -2822 -2810 -2782 -2761 -2736 -2724 -2706 -2725 -2675 -2658 -2642 -2624 -2598 -2562 -2509 -2422 -2373 -2331 -2253 -2233 -2096 -2206 -1755 -2011 -1728 -1758 -1672 -1676 -1336 -1526 -1526 -1057 -680 -378 -242 -181
-2139 -2247 -2386 -2447 -2557 -2614 -2661 -2700 -2702 -2711 -2702 -2702 -2721 -2734 -2774 -2764 -2771 -2761 -2761 -2785 -2824 -2800 -2768 -2746 -2771 -2781 -2815 -2853 -2854 -2826 -2870 -2880 -2875 -2857 -2871 -2871 -2881 -2847 -2834 -2834 -2837 -2849 -2811 -2811 -2829 -2810 -2798 -2817 -2777 -2758 -2742 -2724 -2713 -2710 -2701 -2662 -2644 -2621 -2576 -2546 -2461 -2433 -2457 -2404 -2313 -2272 -2225 -2278 -2280 -1793 -1670 -1910 -1926 -1660 -1460 -1187 -1503 -836 -602 -285 -238 -213
-2337 -2459 -2356 -2457 -2497 -2600 -2684 -2689 -2713 -2704 -2701 -2690 -2664 -2708 -2783 -2769 -2771 -2762 -2760 -2778 -2773 -2779 -2793 -2766 -2750 -2775 -2794 -2819 -2862 -2852 -2864 -2885 -2937 -2925 -2903 -2904 -2924 -2873 -2843 -2837 -2828 -2847 -2832 -2827 -2847 -2814 -2793 -2780 -2800 -2766 -2747 -2734 -2711 -2694 -2697 -2674 -2636 -2600 -2577 -2547 -2499 -2482 -2475 -2426 -2360 -2251 -2239 -2278 -2349 -1859 -2082 -1598 -1852 -1646 -1583 -1627 -1379 -1059 -803 -381 -359 -274
-2354 -2427 -2409 -2499 -2332 -2574 -2692 -2682 -2685 -2710 -2703 -2703 -2720 -2802 -2816 -2733 -2729 -2741 -2776 -2800 -2791 -2780 -2778 -2797 -2786 -2804 -2796 -2796 -2805 -2875 -2897 -2894 -2891 -2889 -2878 -2904 -2900 -2856 -2842 -2838 -2840 -2846 -2908 -2852 -2841 -2813 -2805 -2804 -2805 -2814 -2777 -2745 -2725 -2692 -2672 -2686 -2640 -2616 -2590 -2559 -2509 -2529 -2511 -2480 -2349 -2354 -2371 -2385 -2421 -1823 -2118 -1852 -1355 -1034 -1483 -1627 -1453 -1293 -768 -435 -417 -383
-2404 -2420 -2398 -2263 -2581 -2683 -2687 -2658 -2662 -2675 -2683 -2699 -2742 -2784 -2784 -2749 -2752 -2760 -2788 -2811 -2762 -2787 -2800 -2787 -2797 -2803 -2802 -2802 -2807 -2833 -2912 -2891 -2894 -2896 -2870 -2858 -2882 -2863 -2853 -2850 -2868 -2883 -2868 -2871 -2838 -2833 -2825 -2823 -2803 -2811 -2763 -2765 -2763 -2721 -2699 -2676 -2651 -2625 -2610 -2598 -2548 -2530 -2504 -2463 -2459 -2424 -2429 -2455 -2467 -2340 -2155 -2044 -1533 -1470 -1636 -1648 -1448 -1120 -739 -476 -448 -459
-2459 -2389 -2510 -2492 -2679 -2682 -2663 -2650 -2626 -2674 -2713 -2769 -2713 -2737 -2808 -2758 -2756 -2770 -2765 -2804 -2857 -2892 -2848 -2827 -2817 -2825 -2802 -2806 -2817 -2833 -2878 -2930 -2909 -2887 -2866 -2853 -2842 -2879 -2871 -2863 -2866 -2893 -2889 -2872 -2887 -2862 -2828 -2809 -2804 -2796 -2790 -2761 -2747 -2731 -2711 -2695 -2688 -2660 -2631 -2593 -2555 -2492 -2488 -2458 -2512 -2513 -2512 -2514 -2497 -1796 -2073 -1921 -1934 -1622 -1631 -1640 -1291 -1026 -726 -402 -516 -479
-2399 -2420 -2499 -2652 -2688 -2667 -2634 -2630 -2562 -2647 -2725 -2811 -2750 -2727 -2809 -2785 -2843 -2850 -2799 -2818 -2863 -2827 -2709 -2746 -2835 -2838 -2799 -2803 -2851 -2858 -2864 -2916 -2929 -2892 -2867 -2854 -2846 -2859 -2947 -2932 -2918 -2912 -2898 -2871 -2871 -2879 -2842 -2834 -2817 -2800 -2786 -2771 -2761 -2761 -2756 -2724 -2702 -2676 -2643 -2599 -2536 -2531 -2583 -2558 -2578 -2583 -2571 -2526 -2520 -2493 -1807 -1801 -1530 -1614 -1628 -1434 -1143 -896 -749 -560 -386 -396
-2373 -2461 -2505 -2703 -2684 -2667 -2652 -2664 -2664 -2697 -2719 -2724 -2758 -2770 -2799 -2794 -2822 -2825 -2794 -2823 -2838 -2807 -2767 -2786 -2837 -2815 -2848 -2813 -2829 -2837 -2840 -2936 -2980 -2917 -2864 -2866 -2852 -2856 -2929 -2878 -2911 -2912 -2894 -2869 -2865 -2874 -2855 -2840 -2827 -2813 -2813 -2804 -2788 -2774 -2759 -2739 -2726 -2693 -2666 -2626 -2591 -2569 -2587 -2618 -2633 -2628 -2593 -2565 -2537 -2542 -1660 -1872 -1495 -1471 -1631 -1452 -1011 -869 -674 -536 -485 -419
-2408 -2494 -2622 -2697 -2651 -2654 -2671 -2703 -2746 -2739 -2747 -2762 -2772 -2791 -2812 -2797 -2796 -2785 -2814 -2815 -2812 -2809 -2822 -2804 -2832 -2812 -2843 -2844 -2824 -2809 -2776 -2837 -2917 -2969 -2920 -2918 -2841 -2852 -2920 -2977 -2930 -2895 -2902 -2890 -2878 -2884 -2862 -2854 -2850 -2841 -2828 -2816 -2801 -2793 -2773 -2753 -2730 -2689 -2685 -2657 -2642 -2634 -2642 -2684 -2692 -2665 -2640 -2597 -2586 -1889 -1756 -2026 -1602 -1631 -1626 -1279 -1020 -863 -699 -521 -478 -482
-2461 -2573 -2684 -2565 -2587 -2655 -2640 -2650 -2697 -2754 -2766 -2784 -2777 -2791 -2827 -2815 -2798 -2805 -2815 -2827 -2814 -2817 -2819 -2814 -2836 -2821 -2825 -2848 -2837 -2816 -2811 -2842 -2871 -2933 -2989 -2889 -2848 -2853 -2943 -2943 -2904 -2879 -2875 -2875 -2876 -2893 -2886 -2875 -2861 -2847 -2837 -2829 -2816 -2801 -2782 -2768 -2751 -2738 -2712 -2696 -2693 -2683 -2690 -2723 -2713 -2699 -2701 -2511 -2609 -2228 -1973 -1865 -1709 -1634 -1429 -1097 -889 -803 -680 -574 -520 -407
-2498 -2597 -2578 -2147 -2623 -2695 -2644 -2688 -2737 -2767 -2737 -2767 -2790 -2801 -2860 -2849 -2831 -2856 -2861 -2857 -2871 -2831 -2823 -2840 -2809 -2850 -2877 -2922 -2882 -2921 -2897 -2876 -2858 -2889 -2958 -2959 -2885 -2866 -2887 -2968 -2896 -2905 -2870 -2866 -2893 -2907 -2899 -2887 -2875 -2863 -2851 -2839 -2830 -2813 -2791 -2775 -2766 -2759 -2742 -2727 -2710 -2720 -2751 -2759 -2742 -2728 -2705 -2687 -2681 -2132 -1959 -1820 -1785 -1588 -1424 -1050 -779 -726 -633 -349 -552 -385
