unsorted/2nd_wkProject_animove/random_stuff/bathymetry plotting/geodas_wc_bath-9981/wc_bath-9981/wc_bath-9981.asc
NCOLS   196
NROWS   271
XLLCENTER -130.0000000000
YLLCENTER  32.0000000000
CELLSIZE 0.066666666667
NODATA_VALUE   -32768
[rows 111 to 147 of 271, columns 82 to 163 of 196]
-80 -57 2 244 319 406 810 187 669 935 1343 1165 809 905 585 819 663 613 755 1047 760 699 939 588 586 699 543 614 568 775 1250 962 1122 1579 1721 1855 1730 1272 1259 1268 1288 1359 1301 1340 1463 1685 1552 1492 1495 1754 1633 1601 1607 1836 2080 1910 2105 2054 1925 1546 1741 1332 1316 1378 1299 1298 1698 1617 1549 1471 1379 1364 1362 1714 1646 1561 1547 1549 1536 1461 1395 1389
-59 -36 1 380 573 635 270 274 511 1051 718 984 1004 747 597 757 354 314 972 1181 434 488 719 575 471 460 444 615 955 865 822 835 1087 1417 1671 1779 1986 1260 1259 1262 1424 1550 1395 1476 1314 1355 1492 1439 1406 1418 1420 1445 1405 1626 1741 2118 2278 2034 1798 1601 1970 1543 1454 1314 1357 1891 1818 1914 1866 1659 1364 1375 2126 1753 1700 1602 1565 1538 1419 1419 1419 1403
-52 -20 145 140 578 578 661 754 247 707 687 729 1170 768 1070 591 388 341 365 736 603 638 456 419 373 375 412 456 549 702 1154 1011 1112 1706 1775 1677 1407 1260 1259 1260 1406 1747 1661 1702 1417 1310 1341 1320 1314 1313 1520 1358 1346 1412 1798 2139 1902 1794 1661 1679 1660 1805 1437 1520 1329 2006 1804 1634 1645 1478 1364 1437 2216 2069 1775 1648 1531 1501 1492 1482 1473 1490
-71 -29 205 416 771 966 1106 611 333 656 336 996 665 750 732 629 424 354 398 654 706 346 473 489 369 391 496 567 703 569 783 1321 1333 1568 1606 1528 1583 1391 1283 1261 1259 1523 1711 2013 1506 1527 1521 1458 1327 1360 1535 1656 1378 1333 1456 1599 1671 1968 1690 1668 2063 1990 1763 1590 1613 2042 1755 1697 1614 1552 1362 2251 1818 1808 1759 1737 1559 1646 2067 1622 1618 1561
-108 -44 284 358 450 515 979 1047 548 719 968 825 815 1309 547 661 701 694 362 657 746 793 1088 822 426 413 580 934 730 983 952 1121 1264 1503 1610 1628 2214 2083 1338 1259 1259 1413 1367 1277 1373 1355 1322 1504 1788 1973 1587 1577 1472 1409 1457 1591 1737 1863 2050 1930 1900 1749 1528 1529 1634 2052 2031 1802 1704 1721 1466 1365 1790 1784 1785 1721 1603 1713 2005 1824 1625 1601
-122 -79 17 290 374 772 453 312 892 475 588 865 1086 796 461 513 583 991 889 423 392 613 740 885 708 558 478 732 1330 1449 1551 1429 1445 1634 1696 1516 1648 1765 1327 1473 1307 1305 1539 1333 1294 1407 1267 1362 1489 1502 1484 1609 1697 1664 1604 1755 1950 1523 2046 1953 1561 1526 1476 1601 2011 2014 1925 1750 1762 1929 1366 1366 1635 1823 1773 1687 1605 1656 1742 1694 1570 1568
-144 -101 -38 540 497 610 170 512 968 898 941 954 566 414 661 831 1400 1393 549 480 616 1040 609 746 1031 1051 846 713 593 867 1391 1590 1469 1351 1243 1714 1542 1256 1339 1290 1393 1325 1258 1339 1268 1445 1254 1258 1270 1448 1536 1491 1499 1591 1677 1677 1677 1578 1527 1631 1496 1496 1444 1713 1755 1901 1710 1690 1670 1945 1367 1515 1625 1841 1791 1638 1604 1704 1874 1714 1638 1622
-149 -104 -58 203 245 217 250 501 458 1191 1124 898 923 411 432 474 688 1324 1419 1121 1099 1026 538 1007 866 976 1366 1209 1240 735 1028 1442 1232 1160 1303 1285 1470 1241 1240 1255 1244 1246 1247 1355 1418 1260 1261 1402 1287 1269 1300 1503 1511 1599 1644 1651 1682 1697 1513 1536 1470 1450 1438 1446 1864 1892 1779 1831 1752 1404 1371 1371 1755 1834 1775 1596 1634 1794 1813 1864 1903 1769
-156 -102 -70 -35 92 103 226 283 627 989 821 896 483 471 515 938 1146 1205 1649 1388 889 948 1115 1377 1489 1606 1676 1864 1549 1263 1194 1616 1288 1106 1197 1268 1306 1313 1518 1467 1293 1242 1384 1246 1361 1300 1321 1348 1709 1307 1274 1488 1453 1558 1632 1662 1721 1673 1758 1854 1451 1436 1434 1438 1932 2004 1749 1820 1734 1504 1493 1369 1901 1873 1701 1595 1838 1875 1781 1820 1867 1886
-248 -171 -99 -46 -22 51 323 292 615 787 807 974 589 925 853 1405 1601 1673 1410 1340 1338 801 884 1419 1612 1826 1541 1335 1015 1094 1245 949 1013 1032 1127 963 1138 1315 1407 1434 1243 1242 1240 1245 1250 1234 1232 1233 1346 1628 1293 1359 1456 1468 1569 1634 1632 1689 1758 1556 1527 1434 1434 1434 1893 2336 2153 1765 1620 1604 1829 1393 2040 1778 1810 1598 1843 1883 1878 1854 1743 1717
-330 -210 -114 -53 -23 0 150 454 378 762 679 599 622 1175 1317 1500 770 1059 1088 1433 1565 1392 1513 1917 1692 1395 1117 1289 1424 833 965 816 785 1008 1522 1432 1503 1382 1293 1291 1408 1244 1241 1240 1247 1227 1228 1229 1244 1411 1413 1421 1382 1433 1481 1515 1610 1682 1683 1682 1610 1434 1434 1448 1884 2037 2079 1647 1619 1733 1934 1668 1844 1809 1775 1652 1871 1871 1988 1818 1687 1862
-396 -228 -99 -31 -12 7 25 494 481 422 435 573 760 1402 1591 881 787 542 766 501 1047 707 1065 891 1159 1112 678 652 1032 1137 961 739 1073 1155 1888 1795 1368 1287 1293 1290 1393 1271 1310 1354 1335 1226 1227 1271 1230 1379 1363 1373 1376 1408 1490 1534 1553 1547 1550 1582 1567 1434 1434 1546 1777 1944 1376 1513 1650 1815 1965 1782 1945 1752 1843 1807 1821 2113 2039 1824 1820 1747
-468 -203 -96 -16 -2 5 148 169 273 495 1145 780 1406 1583 1357 1359 1311 603 506 802 1031 962 980 793 1143 826 988 1268 1053 779 1060 812 896 1097 1759 1892 1819 1301 1297 1328 1651 1401 1297 1495 1323 1252 1262 1233 1283 1456 1475 1370 1383 1431 1477 1518 1507 1516 1552 1572 1587 1438 1434 1928 1809 1747 1355 1391 1658 1856 1915 1759 1749 1737 1915 1773 1745 1809 1889 1866 1843 1724
-475 -185 -111 -70 -29 -11 242 227 463 522 585 1355 898 1466 744 626 801 639 820 1162 1280 1486 1809 638 1085 1536 1283 1417 954 790 773 804 858 974 1460 1954 1675 1564 1325 1437 1342 1336 1449 1440 1472 1460 1325 1283 1270 1303 1341 1386 1414 1443 1513 1488 1512 1622 1529 1556 1562 1433 1447 1664 2188 1438 1355 1422 1817 1876 1684 1683 1691 1929 1819 1864 1783 1901 1989 2067 1793 1673
-494 -189 -109 -73 -53 -42 41 390 470 551 442 673 1451 1371 1064 1141 714 728 757 1546 1720 1183 1437 1205 1133 1110 1421 1210 1039 880 833 803 824 933 1735 1657 1639 1484 1464 1388 1400 1611 1501 1703 1861 1747 1539 1308 1286 1266 1314 1399 1472 1511 1517 1511 1514 1521 1503 1520 1526 1518 1443 1790 2076 1362 1355 1595 1658 1892 1690 1686 1832 1794 1714 1939 1877 1823 1964 1863 1928 1959
-515 -202 -109 -77 -52 -40 -28 262 505 724 994 1158 1313 1313 678 771 611 1054 1730 1393 1844 1209 2128 1040 1108 950 1067 1080 1339 1126 813 822 806 890 1106 1475 1961 1540 1444 1462 1468 1929 1727 2035 2099 2167 1821 1408 1325 1314 1366 1437 1488 1546 1551 1493 1509 1557 1490 1497 1497 1527 1456 1759 2285 1493 1367 1483 1651 1819 1739 1691 1716 1721 1739 1792 1977 1747 2057 1904 1892 1798
-413 -154 -105 -84 -63 -44 -25 69 176 690 896 1041 1070 1220 819 405 945 1506 1725 1272 1459 1981 1836 1475 928 834 1092 1421 1287 1010 839 822 869 947 1193 1411 2363 1585 2201 1746 1760 1854 1808 1820 1947 1865 2007 1347 1307 1344 1416 1463 1489 1512 1573 1529 1453 1499 1526 1542 1403 1365 1485 1908 2022 1630 1367 1372 1426 2145 1832 1692 1783 1794 1995 1908 1867 1730 1700 1778 1996 1862
-572 -163 -102 -86 -70 -53 -27 1 220 62 731 539 819 1124 1114 694 650 1113 1177 971 1648 1804 1727 1912 1455 855 1192 1495 1617 1095 1519 921 977 1230 1748 2156 1963 1964 1995 1839 1522 1587 1501 1512 1536 1546 1471 1327 1328 1362 1408 1523 1462 1480 1427 1319 1333 1342 1349 1354 1328 1350 1458 1789 1903 1723 1373 1363 1379 1876 1814 1702 1700 1820 1914 1847 1717 1645 1703 1911 1755 1591
-701 -173 -114 -91 -76 -62 -30 1 384 25 771 1086 1104 1140 857 750 496 551 1188 1739 1776 1536 1529 1803 1616 905 1072 1238 1299 1750 1800 1336 1164 1349 2144 3828 2265 1613 1394 1401 1664 1485 1421 1337 1299 1366 1350 1352 1353 1368 1384 1513 1560 1467 1360 1444 1414 1317 1346 1415 1337 1415 1585 1796 2220 2229 1433 1361 1367 1900 1732 1801 1768 1728 1925 1774 1815 1777 1868 1861 1434 1473
-754 -268 -148 -101 -83 -66 -24 169 145 406 151 1081 577 1134 860 497 994 459 1123 1445 1240 1168 959 1777 1661 1200 1222 1215 1719 2111 1965 2400 1426 1140 1627 1966 1682 1361 1225 1201 1620 1498 1407 1305 1196 1349 1357 1353 1318 1301 1334 1298 1644 1558 1601 1767 1729 1464 1496 1468 1334 1423 1601 1819 2237 2662 1486 1365 1493 1946 2010 2028 1826 1811 1801 1882 1879 1734 1672 1565 1328 1744
-857 -574 -188 -119 -88 -63 -22 241 445 499 420 300 948 429 253 637 1270 825 498 903 1489 1161 1244 2132 2031 1432 1778 1759 1646 1390 1845 1781 1325 1053 1066 1324 1041 1049 1108 1140 1219 1262 1396 1302 1167 1153 1333 1395 1355 1314 1288 1270 1574 1600 1359 1554 2054 1765 1598 1581 1340 1442 1590 1783 1962 2430 1827 1363 1381 2248 2103 1955 1725 1744 1870 1786 1762 1752 1648 1724 1425 1312
-962 -721 -362 -137 -91 -55 -13 498 150 604 567 849 296 223 827 575 1091 1515 920 754 758 1271 974 1965 1882 2040 2167 1902 1275 1685 1780 1857 1432 1082 868 1199 942 921 1164 1443 1579 1323 1301 1262 1159 1112 1099 1065 1492 1325 1278 1263 1266 1273 1313 1466 1950 1808 1863 1666 1421 1472 1450 1692 2064 2137 2406 1646 1366 1919 1753 1687 1802 1976 1723 1635 1691 1902 1628 1753 1690 1245
-941 -700 -426 -153 -88 -38 162 222 573 247 762 465 756 609 548 1399 1279 1572 1595 1616 1037 831 1280 1646 1732 1691 1462 1464 1438 1550 1280 1689 1405 891 1317 1121 1124 1002 1520 1172 996 1106 1517 1372 1140 1030 1045 1023 1111 1694 1265 1261 1272 1296 1352 1429 1584 1626 1872 1846 1783 1969 1653 1809 2022 2387 2445 1705 1578 1542 1552 1846 1965 1857 1692 1686 1987 1893 1917 2033 1862 1222
-733 -595 -350 -144 -79 -35 109 289 454 473 330 1063 564 402 824 1226 1766 1187 924 1574 1701 1534 1291 1412 1623 2207 1660 1089 1088 1175 1841 1766 846 796 1030 652 1147 1396 958 672 969 1500 1322 1042 1204 1023 1009 1010 1022 1178 1381 1253 1317 1525 1650 1553 1760 1604 1542 1726 1885 1645 1750 1790 1842 2080 2020 1846 1944 1429 1461 1557 1685 1728 1815 1962 1931 1949 1809 1860 1742 1254
-587 -474 -245 -119 -79 -36 -11 149 314 639 378 786 763 508 379 853 1210 1348 907 940 1774 1204 2220 1939 1950 1948 1920 932 835 1114 1486 1016 549 733 1523 714 1109 730 833 697 731 1501 933 1122 920 1006 1083 1021 1017 1083 1289 1466 1676 1654 1759 1759 1673 1907 1679 1829 1613 1677 1860 1894 1787 1810 1860 1866 1595 1435 1440 1488 1492 1604 1838 2156 1703 1448 1422 1459 1656 1201
-523 -389 -195 -102 -70 -41 0 89 263 274 618 735 802 558 669 950 1172 612 817 1248 1579 1148 1942 2126 1659 2079 1164 943 829 1202 1211 529 471 636 723 845 784 637 603 883 1186 1270 1064 999 993 985 1103 1069 1173 1211 1219 1519 1652 1635 1652 1758 1892 1825 1830 1624 1611 1951 2099 1758 1673 1639 1735 2066 1900 1812 1770 1480 1526 1640 1874 1819 1783 1331 1247 1259 1313 1192
-526 -384 -169 -83 -59 -29 0 107 -2 389 630 447 1396 695 405 516 659 1082 1258 997 1555 774 1570 1587 1113 1037 823 831 920 1177 1275 555 431 615 391 629 529 659 677 721 1137 1285 1074 1003 1052 986 1168 1247 1463 1460 1575 1344 1334 1402 1696 1771 1773 1617 1616 1611 1616 1615 1614 1656 1621 1626 1651 1797 1920 1959 1863 1633 1736 1864 1715 1529 1985 1582 1224 1215 1195 1192
-513 -278 -90 -62 -40 0 8 163 434 353 297 1065 761 1276 844 919 500 520 898 865 1260 719 766 1873 1248 929 943 842 1129 716 998 986 427 602 753 459 636 470 645 672 1271 1511 1329 1515 1485 1390 1033 1518 1606 1639 1906 1780 1651 1671 1881 1879 1863 1749 1679 1768 1811 1782 1723 1616 1619 1710 1776 1806 1729 1710 1712 1520 1764 1819 1758 1386 1571 2119 1223 1278 1192 1190
-434 -109 -59 -42 -17 31 98 140 357 630 264 892 1131 1019 1083 483 1258 1370 1368 536 610 1321 531 766 643 998 629 1167 928 936 1060 514 337 414 559 383 478 491 501 906 1286 1742 1592 1617 1836 1798 1177 1449 1520 1723 1762 1811 1902 1962 1835 1813 1821 1638 1819 1913 1734 1649 1822 1643 1951 1877 1632 1772 1779 1758 1460 1539 1901 1865 1742 1195 1321 2040 1387 1191 1201 1326
-431 -84 -37 -21 -1 18 206 262 394 602 617 675 749 1190 1493 920 842 1057 1176 1160 1474 1228 1099 658 647 770 817 989 617 578 861 290 257 217 222 191 265 313 473 698 999 1328 1590 1830 1949 1863 1402 1367 1653 1632 1701 1721 1720 1700 1852 1777 1578 1557 1556 2040 1581 1595 1594 1712 1638 1898 1573 1526 1664 1649 1538 1378 1359 1619 1174 1177 1186 1212 1193 1417 1341 1503
-330 -108 -34 -1 2 1 70 421 493 447 674 567 1181 715 1040 1487 766 1004 1026 773 1250 1005 957 1000 671 762 1011 1052 1487 670 407 246 179 192 196 187 229 305 483 595 817 1060 1526 1708 1764 1623 1528 1832 1942 1797 1863 2118 1836 1731 1926 1853 1570 1721 1729 1646 1743 1643 1526 1532 1482 1465 1595 1725 1395 1433 1582 1243 1186 1182 1176 1178 1306 1193 1227 1905 1458 1586
-80 -47 -26 178 340 193 75 39 307 689 904 543 516 1038 988 1132 935 1266 1263 1098 723 1127 1243 1198 802 1217 1438 1263 912 733 312 257 179 149 168 179 237 292 473 678 1089 1211 1254 1403 1680 2061 2112 2053 1941 2104 2114 1963 1845 1774 1833 1796 1636 2053 1614 1488 1687 1390 1435 1356 1350 1378 1489 1567 1457 1466 1351 1187 1180 1176 1217 1624 1210 1216 1334 1847 1459 1476
-69 -35 -5 157 267 572 333 276 302 242 222 288 540 805 1122 838 1556 918 1213 1312 939 916 1053 1724 1068 961 783 835 413 284 306 266 214 145 125 142 203 347 622 836 856 1010 1226 1466 2099 2491 2381 1899 2080 2187 2146 1922 1789 1741 1704 1806 2215 1676 1766 1581 1554 1393 1395 1577 1347 1389 1566 1523 1690 1677 1246 1176 1174 1182 1588 1683 1240 1325 1406 1803 1462 1395
-110 -65 -14 370 698 527 442 655 259 73 287 409 598 1167 918 1023 847 817 1237 927 1087 1324 1134 1313 1075 950 543 450 316 260 197 195 186 187 150 119 173 250 322 440 564 903 1437 1681 2058 1971 1882 1909 1808 1783 1926 1789 1881 1684 1834 1685 1476 1488 1315 1262 1258 1241 1393 1356 1305 1569 1855 1756 1550 1763 1332 1179 1176 1303 1936 1641 1247 1264 1406 2310 1438 1362
-729 -129 -58 184 182 525 595 658 259 144 300 540 546 410 1146 1573 966 875 1539 1002 1081 1597 1322 1041 951 750 485 386 305 335 241 209 165 161 185 110 140 210 365 632 730 880 1181 1643 1494 1699 1592 1741 1682 1484 1426 1588 1617 1596 1588 1996 1676 1790 1614 1462 1375 1445 1227 1221 1215 1227 1868 1658 1474 1603 1294 1176 1177 1250 1569 1616 1260 1493 1263 1624 1405 1369
-150 -251 -73 325 524 153 227 559 546 648 133 347 154 378 720 1111 1325 1047 878 1749 1042 1294 1396 1608 1024 1024 569 459 383 255 226 204 228 185 162 107 263 362 492 638 810 909 1164 1502 1787 1643 1532 1501 1546 1465 1370 1429 1738 1604 1536 1762 1895 1707 1947 1911 1678 1236 1215 1215 1215 1215 1222 1238 1306 1422 1343 1282 1209 1393 1243 1442 1816 1686 1153 1333 1471 1522
-500 -263 -114 -49 209 535 310 253 459 673 434 349 554 324 301 627 1127 831 1044 965 1156 1271 1420 2051 1839 1447 784 561 411 326 266 249 190 157 119 85 124 324 342 500 755 838 1187 885 1552 1348 1898 2207 1796 1454 1406 1399 1445 1438 1687 1603 1555 1954 1679 1635 1910 1944 1232 1215 1223 1220 1222 1223 1219 1217 1415 1253 1383 1207 1165 1168 2030 1474 1152 1441 1851 1811
