unsorted/2nd_wkProject_animove/random_stuff/bathymetry plotting/geodas_wc_bath-9981/wc_bath-9981/wc_bath-9981.asc
NCOLS   196
NROWS   271
XLLCENTER -130.0000000000
YLLCENTER  32.0000000000
CELLSIZE 0.066666666667
NODATA_VALUE   -32768
[rows 0 to 36 of 271, columns 82 to 163 of 196]
78 66 307 619 548 1084 836 1208 165 169 647 935 907 1611 1693 815 1744 2002 159 1466 910 394 1317 1559 1309 1385 2152 1788 1725 1783 799 430 1711 859 1874 1293 1847 1426 898 1794 1631 1370 460 778 357 398 809 1016 1590 1788 2003 1453 937 891 1002 1169 1406 1406 1184 1030 1089 1139 1130 1279 1335 1425 1422 1447 1412 1487 1482 1611 1520 1050 912 1177 342 437 873 1244 1427 1490
56 421 454 214 426 1037 1135 709 654 847 247 398 869 905 1580 1406 1692 532 538 911 1001 902 1532 1510 2397 1443 2067 1594 1330 998 637 1319 185 474 1697 1394 1733 805 1159 480 1118 1539 1742 1655 1892 1505 208 1076 1590 1551 1203 1059 1109 1395 945 1166 1121 1085 1290 1239 1103 1224 1348 1511 1549 1503 1537 1537 1528 1835 1356 1394 1140 1446 1166 562 459 463 660 1342 1573 1474
121 205 390 843 146 206 677 10 497 792 235 965 1227 950 1614 1375 1411 1112 1429 409 613 861 1323 1934 1313 1127 1005 1385 1577 1658 1615 485 1682 1108 680 1781 1612 1478 1292 1673 1179 1374 1147 1794 1743 1206 644 1059 1313 1440 1355 1249 1202 1722 1153 1403 1458 1086 1207 1189 1294 1250 1642 1537 1686 1756 1830 1695 1498 1314 931 1418 1035 813 543 382 349 448 635 942 914 905
-1 65 123 209 377 537 422 -1 -1 -1 1156 1381 209 1511 1311 738 1199 166 1663 1672 33 238 1207 1601 1152 2093 1097 815 1646 1847 1385 1378 1108 1004 570 580 645 1377 1391 1449 810 925 1610 1208 1398 1459 398 1115 656 1400 1542 1329 1426 1215 1343 1321 1167 1057 1102 1150 1086 1408 1585 1404 1495 1451 1401 1331 1457 1298 1081 918 596 416 342 357 557 916 1064 1305 1272 1308
136 76 -1 -46 -40 37 460 69 67 327 72 1302 28 1422 889 132 744 696 1625 1355 880 17 354 599 1199 1558 1194 324 1628 1574 1768 1611 1676 460 711 1043 129 605 671 1855 597 1350 1659 1018 1050 1338 1219 968 1013 1027 1635 1434 1322 1194 1719 1301 1280 1107 1250 1258 1504 1626 1586 1274 1299 1415 1303 1402 1387 1670 949 758 342 791 1324 1300 1604 1351 1601 1551 1284 1199
-113 40 309 216 -264 -19 64 137 126 976 131 501 1051 532 4 399 796 837 1048 276 -1 782 776 817 1208 1352 1349 894 681 677 1791 1639 645 1422 1449 1424 966 1182 93 1194 257 655 1487 1289 877 1174 613 328 956 1583 1244 1606 1563 1157 1414 1410 1145 1354 1270 1126 1372 1439 1337 967 1286 1417 1747 1703 1377 1206 1446 758 667 349 859 1305 1724 1737 1585 1467 1360 1477
-168 -223 -14 420 480 -116 -206 -38 214 635 896 -1 733 1027 1337 1116 1254 207 624 206 474 957 1424 1073 695 1106 1052 755 511 885 1505 1309 565 982 1365 1136 1218 1231 777 99 372 551 1192 1312 948 1266 1007 675 1029 1448 1352 1275 1122 1379 1315 1448 1325 1317 1601 1252 1155 1308 1051 1335 1650 1783 1653 1589 1587 1351 1126 960 703 497 354 1075 1711 1728 1817 1421 1292 1582
-164 -138 -75 -35 -1 460 -41 -158 -5 124 389 53 311 1110 1094 817 168 5 1 0 1404 735 1222 795 793 766 1424 1139 1012 22 924 1253 1082 1059 680 981 1356 1440 1052 842 20 13 482 1047 1144 1289 815 721 1229 1264 828 959 1662 1409 1166 1084 1086 845 1281 1235 945 912 984 1434 1506 1685 1532 1814 1719 1853 1425 1034 744 661 342 820 1074 1855 1798 1295 1043 1217
-219 -283 -262 4 90 104 -117 -212 -148 -31 7 42 89 371 636 991 -1 71 291 -1 1152 661 557 1241 586 477 803 874 1273 996 7 629 829 237 584 831 1080 692 288 997 206 13 636 1406 1100 1098 640 514 1264 533 671 1301 1506 1451 1568 1599 1560 1079 1423 908 737 700 858 1097 1462 1715 1596 1732 1654 2032 1803 1374 704 725 340 803 1254 1315 1449 1334 1442 1351
-82 -119 -129 -230 -285 -220 -321 -265 -222 -232 -227 -156 -95 -39 -6 125 87 1 282 -1 1063 309 1093 400 1065 90 313 652 724 448 57 764 1065 578 441 720 1167 1135 578 1227 257 20 949 938 522 679 362 420 845 1384 767 1298 1508 1706 1643 1578 1298 1600 1403 1011 817 1002 1040 1284 970 922 1307 1187 1827 1954 1873 1394 1038 920 401 893 1681 1645 1602 1806 1583 1090
92 91 71 22 -17 -63 -78 -267 -403 -381 -319 -292 -171 -178 -227 -159 -90 7 -44 25 3 60 166 170 83 254 518 777 136 67 579 345 314 329 342 777 729 793 398 906 144 13 585 687 104 1040 609 1227 987 1023 1589 916 1675 1551 1446 1868 1604 1682 1339 1219 1139 1345 1508 1585 1535 1174 1445 628 1419 1803 1580 974 965 1042 785 481 1016 1476 1614 1892 1863 1371
777 214 142 114 129 35 35 -1 -92 -207 -257 -330 -399 -364 -333 -309 -265 -247 -190 0 44 26 43 44 128 134 39 5 5 27 241 740 603 249 104 548 1120 1042 1048 9 761 69 23 591 897 1665 1148 574 1528 1613 989 1360 1808 1645 1628 1619 1706 1517 1578 1348 993 1725 1566 1864 1782 1650 1810 1446 1274 1969 1370 1292 1327 1168 492 405 806 1487 1364 1489 1543 1509
954 463 738 531 381 417 394 122 121 31 -3 -9 -120 -199 -293 -335 -297 -261 -140 -9 1 7 3 5 18 51 89 6 3 15 95 158 86 361 81 779 709 177 12 11 13 15 38 1228 1002 1486 1579 1353 1372 1415 1631 1690 918 970 1708 1806 1801 1415 1242 1188 1142 1582 1786 1760 1869 1915 1791 1715 646 1284 471 410 850 1382 635 320 931 1407 1638 1825 1965 1480
779 1080 969 644 699 559 584 693 272 59 24 19 42 -37 -190 -290 -309 -222 -104 -11 -1 3 1 3 7 89 13 7 77 20 72 51 55 34 5 21 435 7 11 12 101 648 1160 1294 928 1158 1530 1650 1416 709 841 1246 1728 1552 1530 1681 1733 1786 1403 1342 1530 1819 2063 1826 1543 1590 1097 1081 1472 1752 1955 1518 434 1695 555 680 770 1014 1312 1745 1467 1160
811 601 542 974 828 879 344 300 198 119 26 61 -11 1 -62 -233 -299 -278 -193 -51 -37 1 2 1 -1 -1 30 3 52 66 118 111 124 56 40 189 1 55 332 293 411 404 556 1051 1279 1143 1513 1054 1692 1279 1481 712 824 1425 1484 1493 1253 1313 1841 1474 1480 2005 1828 1326 2015 2170 2282 1821 1806 1811 2342 1754 628 1196 687 422 336 1418 1449 1292 1116 1008
923 677 970 1122 628 827 871 985 433 344 175 2 -1 64 0 -7 -27 -60 -126 -155 -101 -44 46 -5 -11 -15 -11 28 135 71 65 47 46 57 17 8 301 284 900 1241 1453 1227 957 1807 974 1275 1874 848 1050 1732 1717 1452 513 1674 1462 1905 1401 1777 1589 1711 1528 1630 2177 1608 1951 2173 1977 1934 2018 2274 1854 1631 512 425 670 745 314 558 1074 1060 1237 1216
119 605 261 559 929 847 542 629 963 940 787 242 3 0 0 0 92 -10 -48 -96 -123 -114 -123 -116 -34 -22 -3 15 16 21 22 18 19 22 95 582 261 281 647 895 1684 1487 1535 1162 1254 1124 1851 775 1770 1685 1514 1468 487 1086 1422 1810 1495 1608 1725 1598 1614 1686 2079 1985 1996 2198 1962 1641 2073 1866 1771 1845 1726 353 1062 802 573 467 790 1009 1309 1192
674 519 650 12 4 104 676 664 476 422 584 315 360 149 0 53 9 0 4 -2 -44 -89 -161 -206 -136 -56 -48 34 85 52 20 24 56 47 336 630 367 888 1224 802 1334 1407 1421 1109 997 1782 1522 1363 1424 1320 1792 1528 1482 973 1602 1453 1796 2007 1475 2034 2351 1948 1780 1997 1775 2184 1990 1856 1749 1880 1531 1555 1314 743 1039 762 686 391 1206 1189 1222 1298
253 301 681 814 470 502 14 9 163 241 301 152 50 28 1 6 153 0 0 0 0 0 -7 -207 -171 -154 -54 -31 2 3 42 94 146 154 646 86 277 1111 814 1236 1411 1989 1461 1261 1674 1292 466 1747 1448 913 1325 642 860 1552 1074 1531 1404 1919 2031 2178 2241 1937 1528 1844 2136 1795 1342 1460 1661 1999 1689 1548 1216 723 626 546 440 286 772 1001 1250 1794
618 845 319 845 557 502 367 601 762 562 709 289 97 57 13 -1 315 0 0 -31 -22 -147 -116 -26 -152 -117 -103 -54 0 -10 -20 85 275 96 634 85 322 931 1165 766 1421 1447 756 257 227 1249 1672 1100 647 1615 1622 1218 589 1087 1699 1418 1666 1452 1988 1962 1880 1569 1871 2163 1591 1866 855 1874 1742 1902 1728 1756 1215 502 1163 474 443 514 596 952 1293 1451
740 489 740 623 221 583 299 666 717 646 424 461 478 180 100 0 1 0 0 -199 -9 -72 -86 -138 70 285 441 -90 -65 -18 -19 390 131 264 203 99 222 953 933 1110 1073 1062 454 304 1449 1666 1105 1370 1007 211 824 1737 540 1474 1850 982 1662 1664 1903 1488 1024 1410 1654 1392 1211 1305 789 1817 1845 2284 1603 1538 1453 1097 828 595 308 812 640 767 770 1152
536 333 293 409 69 101 454 493 468 621 581 765 318 262 509 179 79 25 0 -17 -74 10 -134 -7 12 -15 -3 -13 -45 -27 -19 -1 157 85 258 412 847 252 421 536 1043 985 231 713 1194 1260 740 300 1177 1372 1609 1105 1339 1765 1785 1858 1387 2132 2031 1260 1077 1008 835 1449 1075 1055 1121 1310 1753 1895 1494 1259 1363 687 643 617 491 935 965 1194 1222 952
-59 -8 169 427 624 783 761 868 912 704 751 547 625 499 449 45 215 79 -2 -42 -243 163 58 -2 -80 20 -1 -26 -16 -8 0 0 3 46 73 43 92 83 55 91 58 113 102 509 1194 951 371 234 527 506 1220 2331 1437 1457 1981 2006 1847 1636 1872 2094 1641 1704 1523 619 1024 752 1042 1646 1697 1707 1213 889 753 596 773 367 701 737 835 1163 1363 1130
-225 -207 -165 -84 -15 250 454 569 510 556 630 525 187 540 321 247 74 20 49 -7 -112 -215 -127 -1 24 61 -13 -74 -9 143 0 0 25 9 11 168 432 778 760 1169 1101 987 883 362 83 189 571 1277 1459 1071 499 1236 1625 1725 1416 1715 1201 1287 1749 1530 2028 1952 1528 1490 857 558 659 1428 1266 1549 1741 1294 1366 847 476 399 304 982 1186 1243 1416 1409
-144 -222 -227 -194 -190 -157 -106 -53 -14 167 102 186 86 118 184 116 -2 -8 -2 -13 -51 -39 -106 -156 -85 -97 -79 -77 -4 6 51 -1 2 9 150 94 807 1039 806 786 711 683 1084 1000 574 534 1429 1299 1072 1839 830 1583 1860 1271 1646 955 1816 1793 1918 1958 1692 960 1578 951 904 938 504 768 1127 1431 1223 1095 1065 939 509 255 376 808 1018 961 1143 1163
151 -21 -75 -201 -216 -202 -185 -163 -160 -150 -134 -89 -41 141 0 -1 -46 -56 -53 -62 -107 -116 -25 -169 -123 -24 -69 -50 15 88 0 0 0 3 192 150 222 388 488 696 920 848 1086 725 989 131 542 902 1572 1325 1892 1086 2012 1331 878 1694 1939 982 856 1812 1744 1639 1501 1319 1164 1058 1029 469 831 1179 913 841 638 479 303 734 484 845 771 931 995 997
239 177 146 72 -24 -159 -185 -187 -185 -174 -162 -167 -180 -183 -162 -123 -125 -112 -106 -77 -133 -110 -174 -53 -94 -15 -65 52 37 -25 -25 0 0 68 128 135 197 174 150 64 140 239 235 156 164 346 1422 330 407 895 1045 996 1498 1820 1271 1900 1844 1647 1277 1158 1540 2227 1818 1997 1158 843 788 645 1132 1067 960 649 293 626 624 806 847 382 678 782 982 1138
208 336 310 307 168 132 51 -18 -60 -55 -71 -106 -135 -143 -144 -141 -137 -127 -93 -98 -137 -112 -45 -98 -60 -80 -67 -7 50 -11 -1 5 0 62 26 33 20 94 188 475 743 990 694 1446 1401 312 755 1311 1279 1490 1773 1386 914 1691 1832 1523 1182 1129 1465 446 772 1824 1876 2118 1520 893 645 738 1107 941 909 614 464 456 675 736 804 787 468 514 631 710
152 166 227 353 316 336 287 211 305 162 182 139 131 91 13 40 -5 -25 -20 -17 2 15 -2 -59 -5 -89 21 -28 -49 1 -87 9 -110 129 162 32 77 170 261 271 429 944 760 1269 889 1306 1101 764 1409 1327 1055 2120 1767 1200 1725 1900 2332 1865 2255 1929 925 1159 2129 2157 1857 1097 916 620 396 837 688 703 375 310 656 767 690 658 489 551 399 585
108 136 149 150 167 208 335 312 344 384 285 314 612 390 149 351 577 304 210 199 171 102 78 51 35 -24 104 24 -89 8 -48 18 -116 -120 39 17 46 119 119 185 412 1136 570 444 592 921 1440 724 1315 1430 1841 1943 2106 2205 1520 1307 1693 1816 1975 1751 1866 337 1431 1113 1415 1547 1381 989 575 423 272 456 451 261 701 348 445 474 311 762 542 757
63 93 99 359 276 482 464 560 636 726 742 989 1325 1184 235 1292 1628 1261 756 567 635 354 512 286 382 -1 141 106 -54 -91 44 19 96 -155 -79 29 9 79 134 207 250 523 412 1105 688 890 1437 1213 1530 1171 1544 1389 1620 1533 1763 1760 1307 1722 1648 967 1656 1625 1757 1248 343 748 1124 1480 1206 486 296 876 818 291 399 646 652 691 695 734 766 745
37 65 101 284 429 310 623 690 784 826 1058 1186 1263 1206 1200 503 1036 1516 1753 1152 730 1151 702 834 292 173 90 92 -17 -3 -87 -88 41 -177 165 95 69 45 177 120 256 220 388 923 720 1217 1327 1257 1335 1038 1421 1195 1667 1489 780 859 1433 935 1732 1667 993 1514 1754 1261 1219 335 798 861 951 490 265 847 716 506 570 625 574 651 682 732 735 661
69 181 250 149 192 391 455 734 724 443 368 437 845 993 1552 1427 532 1741 1362 1347 1383 1238 1636 1009 274 144 127 136 -1 -72 63 -222 -151 -9 147 134 139 76 11 52 119 62 58 151 983 1137 489 1519 1170 1305 1366 1353 997 787 1175 629 1503 917 855 1616 1588 1636 1024 1678 982 489 331 500 672 348 850 783 739 693 644 684 658 648 652 678 589 593
-23 93 151 334 94 136 149 215 299 597 944 1208 1804 1621 1517 1144 1144 1365 1494 1137 1814 1850 1053 910 289 -1 -86 -23 62 102 28 -61 -18 113 100 54 106 133 31 358 275 348 946 638 518 265 840 1440 1119 830 1489 1202 1309 1265 1466 1168 1347 694 607 861 1602 968 581 822 865 502 489 645 396 818 893 787 753 703 685 671 647 654 674 710 476 707
-24 -15 56 85 214 384 327 415 427 571 806 1138 587 1056 1405 745 1313 1647 1770 1230 1079 680 426 590 660 -25 81 1 37 110 -32 -56 -182 126 -16 65 84 70 10 119 242 372 522 887 1041 806 815 418 388 1131 1025 1047 1335 1439 1845 1678 1069 725 602 763 1305 1160 796 605 818 310 711 894 902 846 818 806 757 674 615 683 660 670 710 486 694 740
-28 -20 -1 212 150 183 174 378 646 232 579 1004 1052 894 1010 918 1468 817 1510 978 946 1590 878 399 200 -130 -71 124 90 -17 48 -232 24 75 -1 28 54 89 189 71 107 280 511 758 585 1094 1539 646 1323 1098 1474 1590 1397 1373 2097 1571 1696 634 666 829 793 1491 825 775 339 306 845 824 817 784 780 775 724 699 625 703 685 723 714 532 560 558
-32 -22 -11 147 118 246 121 126 352 627 486 632 1024 1080 704 607 826 1159 1248 1583 1026 316 595 96 -138 130 182 144 -2 5 45 -168 -141 2 -1 38 95 89 152 43 215 250 353 836 1230 1273 1313 1107 1311 1292 1316 1486 1701 1853 1138 1091 1168 1134 369 612 896 919 1055 1348 857 812 1131 846 738 737 732 745 744 571 737 762 760 520 475 529 528 534
